red_path = [4, 6, 8, 10, 12, 19, 20, 21, 22, 23, 24, 26, 38, 37, 
36, 35, 34, 33, 40, 42, 44, 46, 48, 51, 50, 49, 47, 45, 43, 
41, 39, 32, 31, 30, 29, 28, 27, 25, 13, 14, 15, 16, 17, 18, 11, 9, 7, 5, 3, 0, 1, 2]

green_path = [14, 15, 16, 17, 18, 11, 9, 7, 5, 3, 0, 1, 2,
4, 6, 8, 10, 12, 19, 20, 21, 22, 23, 24, 26, 38, 37, 
36, 35, 34, 33, 40, 42, 44, 46, 48, 51, 50, 49, 47, 45, 43,
41, 39, 32, 31, 30, 29, 28, 27, 25, 13]

blue_path = [37, 36, 35, 34, 33, 40, 42, 44, 46, 48, 51, 50, 49, 47, 45, 43,
41, 39, 32, 31, 30, 29, 28, 27, 25, 13, 14, 15, 16, 17, 18, 11, 9, 7, 5, 3, 0, 1, 2,
4, 6, 8, 10, 12, 19, 20, 21, 22, 23, 24, 26, 38]

yellow_path = [47, 45, 43, 41, 39, 32, 31, 30, 29, 28, 27, 25, 13, 14, 
15, 16, 17, 18, 11, 9, 7, 5, 3, 0, 1, 2, 4, 6, 8, 10, 12, 19, 20, 21, 
22, 23, 24, 26, 38, 37, 36, 35, 34, 33, 40, 42, 44, 46, 48, 51, 50, 49]

